Año y mes	Promedio	Fin de mes
ene-50	1,96	1,96
feb-50	1,96	1,96
mar-50	1,96	1,96
abr-50	1,96	1,96
may-50	1,96	1,96
jun-50	1,96	1,96
jul-50	1,96	1,96
ago-50	1,96	1,96
sep-50	1,96	1,96
oct-50	1,96	1,96
nov-50	1,96	1,96
dic-50	1,96	1,96
ene-51	1,96	1,96
feb-51	1,96	1,96
mar-51	2,15	2,15
abr-51	2,51	2,51
may-51	2,51	2,51
jun-51	2,51	2,51
jul-51	2,51	2,51
ago-51	2,51	2,51
sep-51	2,51	2,51
oct-51	2,51	2,51
nov-51	2,51	2,51
dic-51	2,51	2,51
ene-52	2,51	2,51
feb-52	2,51	2,51
mar-52	2,51	2,51
abr-52	2,51	2,51
may-52	2,51	2,51
jun-52	2,51	2,51
jul-52	2,51	2,51
ago-52	2,51	2,51
sep-52	2,51	2,51
oct-52	2,51	2,51
nov-52	2,51	2,51
dic-52	2,51	2,51
ene-53	2,51	2,51
feb-53	2,51	2,51
mar-53	2,51	2,51
abr-53	2,51	2,51
may-53	2,51	2,51
jun-53	2,51	2,51
jul-53	2,51	2,51
ago-53	2,51	2,51
sep-53	2,51	2,51
oct-53	2,51	2,51
nov-53	2,51	2,51
dic-53	2,51	2,51
ene-54	2,51	2,51
feb-54	2,51	2,51
mar-54	2,51	2,51
abr-54	2,51	2,51
may-54	2,51	2,51
jun-54	2,51	2,51
jul-54	2,51	2,51
ago-54	2,51	2,51
sep-54	2,51	2,51
oct-54	2,51	2,51
nov-54	2,51	2,51
dic-54	2,51	2,51
ene-55	2,51	2,51
feb-55	2,51	2,51
mar-55	2,51	2,51
abr-55	2,51	2,51
may-55	2,51	2,51
jun-55	2,51	2,51
jul-55	2,51	2,51
ago-55	2,51	2,51
sep-55	2,51	2,51
oct-55	2,51	2,51
nov-55	2,51	2,51
dic-55	2,51	2,51
ene-56	2,51	2,51
feb-56	2,51	2,51
mar-56	2,51	2,51
abr-56	2,51	2,51
may-56	2,51	2,51
jun-56	2,51	2,51
jul-56	2,51	2,51
ago-56	2,51	2,51
sep-56	2,51	2,51
oct-56	2,51	2,51
nov-56	2,51	2,51
dic-56	2,51	2,51
ene-57	2,51	2,51
feb-57	2,51	2,51
mar-57	2,51	2,51
abr-57	2,51	2,51
may-57	2,51	2,51
jun-57	2,51	2,51
jul-57	4,81	4,80
ago-57	4,90	4,99
sep-57	5,12	5,04
oct-57	5,10	5,06
nov-57	5,20	5,30
dic-57	5,38	5,42
ene-58	5,61	5,88
feb-58	6,01	6,16
mar-58	6,11	6,10
abr-58	6,64	6,64
may-58	6,77	6,72
jun-58	6,80	6,81
jul-58	6,74	6,63
ago-58	6,52	6,51
sep-58	6,38	6,43
oct-58	6,40	6,41
nov-58	6,42	6,39
dic-58	6,40	6,40
ene-59	6,40	6,40
feb-59	6,40	6,40
mar-59	6,40	6,40
abr-59	6,40	6,40
may-59	6,40	6,40
jun-59	6,40	6,40
jul-59	6,40	6,40
ago-59	6,40	6,40
sep-59	6,40	6,40
oct-59	6,40	6,40
nov-59	6,40	6,40
dic-59	6,40	6,40
ene-60	6,40	6,40
feb-60	6,40	6,40
mar-60	6,52	6,10
abr-60	6,70	6,70
may-60	6,70	6,70
jun-60	6,70	6,70
jul-60	6,70	6,70
ago-60	6,70	6,70
sep-60	6,70	6,70
oct-60	6,70	6,70
nov-60	6,70	6,70
dic-60	6,70	6,70
ene-61	6,70	6,70
feb-61	6,70	6,70
mar-61	6,70	6,70
abr-61	6,70	6,70
may-61	6,70	6,70
jun-61	6,70	6,70
jul-61	6,70	6,70
ago-61	6,70	6,70
sep-61	6,70	6,70
oct-61	6,70	6,70
nov-61	6,70	6,70
dic-61	6,70	6,70
ene-62	6,70	6,70
feb-62	6,70	6,70
mar-62	6,70	6,70
abr-62	6,70	6,70
may-62	6,70	6,70
jun-62	6,70	6,70
jul-62	6,70	6,70
ago-62	6,70	6,70
sep-62	6,70	6,70
oct-62	6,70	6,70
nov-62	7,54	7,54
dic-62	9,00	9,00
ene-63	9,00	9,00
feb-63	9,00	9,00
mar-63	9,00	9,00
abr-63	9,00	9,00
may-63	9,00	9,00
jun-63	9,00	9,00
jul-63	9,00	9,00
ago-63	9,00	9,00
sep-63	9,00	9,00
oct-63	9,00	9,00
nov-63	9,00	9,00
dic-63	9,00	9,00
ene-64	9,00	9,00
feb-64	9,00	9,00
mar-64	9,00	9,00
abr-64	9,00	9,00
may-64	9,00	9,00
jun-64	9,00	9,00
jul-64	9,00	9,00
ago-64	9,00	9,00
sep-64	9,00	9,00
oct-64	9,00	9,00
nov-64	9,00	9,00
dic-64	9,00	9,00
ene-65	9,00	9,00
feb-65	9,00	9,00
mar-65	9,00	9,00
abr-65	9,00	9,00
may-65	9,00	9,00
jun-65	9,00	9,00
jul-65	9,00	9,00
ago-65	9,00	9,00
sep-65	13,50	13,50
oct-65	13,50	13,50
nov-65	13,50	13,50
dic-65	13,50	13,50
ene-66	13,50	13,50
feb-66	13,50	13,50
mar-66	13,50	13,50
abr-66	13,50	13,50
may-66	13,50	13,50
jun-66	13,50	13,50
jul-66	13,50	13,50
ago-66	13,50	13,50
sep-66	13,50	13,50
oct-66	13,50	13,50
nov-66	13,50	13,50
dic-66	13,50	13,50
ene-67	13,50	13,50
feb-67	13,50	13,50
mar-67	13,50	13,50
abr-67	13,79	13,89
may-67	14,07	14,18
jun-67	14,40	14,46
jul-67	14,59	14,70
ago-67	14,84	14,98
sep-67	15,12	15,29
oct-67	15,40	15,51
nov-67	15,63	15,69
dic-67	15,74	15,76
ene-68	15,77	15,78
feb-68	15,84	15,88
mar-68	15,94	15,98
abr-68	16,06	16,12
may-68	16,19	16,24
jun-68	16,27	16,29
jul-68	16,31	16,35
ago-68	16,39	16,44
sep-68	16,49	16,54
oct-68	16,62	16,68
nov-68	16,76	16,82
dic-68	16,86	16,88
ene-69	16,88	16,90
feb-69	16,94	16,97
mar-69	17,04	17,10
abr-69	17,13	17,13
may-69	17,17	17,21
jun-69	17,27	17,31
jul-69	17,33	17,38
ago-69	17,44	17,50
sep-69	17,55	17,58
oct-69	17,62	17,63
nov-69	17,69	17,74
dic-69	17,80	17,85
ene-70	17,90	17,95
feb-70	18,00	18,04
mar-70	18,09	18,14
abr-70	18,20	18,25
may-70	18,28	18,32
jun-70	18,38	18,42
jul-70	18,48	18,51
ago-70	18,55	18,60
sep-70	18,68	18,76
oct-70	18,82	18,87
nov-70	18,92	18,96
dic-70	19,03	19,09
ene-71	19,15	19,22
feb-71	19,28	19,33
mar-71	19,41	19,49
abr-71	19,56	19,64
may-71	19,68	19,72
jun-71	19,80	19,87
jul-71	19,97	20,06
ago-71	20,14	20,23
sep-71	20,31	20,38
oct-71	20,46	20,54
nov-71	20,63	20,71
dic-71	20,81	20,91
ene-72	20,99	21,08
feb-72	21,17	21,24
mar-72	21,33	21,42
abr-72	21,50	21,58
may-72	21,67	21,75
jun-72	21,82	21,90
jul-72	21,96	22,01
ago-72	22,09	22,16
sep-72	22,25	22,33
oct-72	22,39	22,46
nov-72	22,53	22,60
dic-72	22,70	22,79
ene-73	22,28	22,96
feb-73	23,02	23,08
mar-73	23,13	23,20
abr-73	23,25	23,29
may-73	23,36	23,42
jun-73	23,47	23,52
jul-73	23,60	23,67
ago-73	23,76	23,87
sep-73	23,79	24,07
oct-73	24,18	24,28
nov-73	24,37	24,47
dic-73	24,65	24,79
ene-74	24,95	25,10
feb-74	25,22	25,33
mar-74	25,42	25,47
abr-74	25,50	25,52
may-74	25,54	25,56
jun-74	25,58	25,61
jul-74	25,64	25,69
ago-74	25,81	26,01
sep-74	26,28	26,57
oct-74	27,01	27,30
nov-74	27,56	27,88
dic-74	28,23	28,63
ene-75	28,87	29,07
feb-75	29,24	29,47
mar-75	29,66	29,86
abr-75	30,05	30,24
may-75	30,42	30,64
jun-75	30,82	31,00
jul-75	31,18	31,36
ago-75	31,52	31,70
sep-75	31,85	32,02
oct-75	32,17	32,36
nov-75	32,51	32,68
dic-75	32,84	32,96
ene-76	33,10	33,32
feb-76	33,49	33,63
mar-76	33,79	33,95
abr-76	34,10	34,29
may-76	34,45	34,58
jun-76	34,65	34,70
jul-76	34,89	35,12
ago-76	35,20	35,22
sep-76	35,25	35,29
oct-76	35,41	35,58
nov-76	35,81	36,04
dic-76	36,20	36,32
ene-77	36,37	36,38
feb-77	36,38	36,38
mar-77	36,46	36,59
abr-77	36,54	36,50
may-77	36,50	36,50
jun-77	36,50	36,50
jul-77	36,51	36,54
ago-77	36,67	36,82
sep-77	36,97	37,14
oct-77	37,23	37,35
nov-77	37,45	37,55
dic-77	37,71	37,96
ene-78	38,03	38,08
feb-78	38,14	38,22
mar-78	38,33	38,42
abr-78	38,49	38,58
may-78	38,66	38,75
jun-78	38,81	38,87
jul-78	38,95	38,99
ago-78	39,11	39,23
sep-78	39,45	39,75
oct-78	39,98	40,20
nov-78	40,40	40,60
dic-78	40,79	41,00
ene-79	41,15	41,30
feb-79	41,44	41,58
mar-79	41,79	42,02
abr-79	42,21	42,43
may-79	42,56	42,69
jun-79	42,69	42,71
jul-79	42,74	42,76
ago-79	42,80	42,88
sep-79	42,89	43,00
oct-79	43,14	43,23
nov-79	43,38	43,53
dic-79	43,79	44,00
ene-80	44,16	44,41
feb-80	44,68	44,94
mar-80	45,32	45,62
abr-80	45,82	46,05
may-80	46,44	46,78
jun-80	47,10	47,32
jul-80	47,52	47,79
ago-80	48,02	48,24
sep-80	48,56	48,92
oct-80	49,23	49,60
nov-80	49,93	50,27
dic-80	50,56	50,92
ene-81	51,08	51,45
feb-81	51,71	51,96
mar-81	52,24	52,49
abr-81	52,71	52,94
may-81	53,24	53,57
jun-81	53,90	54,18
jul-81	54,57	54,93
ago-81	55,30	55,68
sep-81	56,03	56,39
oct-81	56,79	57,22
nov-81	57,66	58,09
dic-81	58,64	59,07
ene-82	59,50	59,84
feb-82	60,24	60,63
mar-82	60,99	61,40
abr-82	61,82	62,21
may-82	62,63	63,02
jun-82	63,52	63,84
jul-82	64,25	64,69
ago-82	65,18	65,55
sep-82	65,98	66,42
oct-82	66,99	67,68
nov-82	68,34	68,97
dic-82	69,59	70,29
ene-83	70,90	71,45
feb-83	72,06	72,81
mar-83	73,48	74,19
abr-83	74,89	75,60
may-83	76,36	77,04
jun-83	77,78	78,51
jul-83	79,22	80,00
ago-83	80,88	81,68
sep-83	82,52	83,40
oct-83	84,26	85,15
nov-83	86,11	86,94
dic-83	87,83	88,77
ene-84	89,79	90,63
feb-84	91,57	92,53
mar-84	93,46	94,47
abr-84	95,42	96,45
may-84	97,46	98,47
jun-84	99,40	100,40
jul-84	101,73	102,65
ago-84	103,73	104,81
sep-84	105,93	107,01
oct-84	108,13	109,26
nov-84	110,43	111,55
dic-84	112,76	113,89
ene-85	115,17	116,60
feb-85	118,25	120,10
mar-85	123,15	126,27
abr-85	129,62	132,58
may-85	135,95	138,70
jun-85	140,73	142,90
jul-85	145,51	147,79
ago-85	150,03	152,06
sep-85	155,30	157,90
oct-85	160,26	162,43
nov-85	164,58	166,64
dic-85	169,19	172,20
ene-86	173,70	175,00
feb-86	176,59	178,10
mar-86	179,74	181,53
abr-86	184,43	186,56
may-86	188,53	190,46
jun-86	192,35	193,76
jul-86	195,80	197,59
ago-86	199,17	200,72
sep-86	203,24	205,56
oct-86	208,05	210,30
nov-86	212,56	214,64
dic-86	216,97	219,00
ene-87	221,03	222,79
feb-87	224,82	226,73
mar-87	229,02	231,08
abr-87	233,17	235,13
may-87	237,44	239,41
jun-87	241,39	243,32
jul-87	245,55	247,56
ago-87	249,35	250,95
sep-87	252,84	254,39
oct-87	255,85	257,17
nov-87	258,74	260,30
dic-87	262,08	263,70
ene-88	265,82	267,98
feb-88	270,91	273,64
mar-88	276,92	280,09
abr-88	283,45	286,46
may-88	289,96	293,16
jun-88	296,36	299,28
jul-88	302,36	305,03
ago-88	308,40	311,44
sep-88	314,85	317,96
oct-88	321,07	323,88
nov-88	327,01	329,88
dic-88	332,97	335,86
ene-89	339,62	343,12
feb-89	346,83	350,22
mar-89	354,12	357,72
abr-89	361,83	365,61
may-89	369,93	373,70
jun-89	377,92	381,79
jul-89	385,71	389,20
ago-89	393,43	397,33
sep-89	401,80	405,84
oct-89	410,55	414,87
nov-89	419,76	424,16
dic-89	429,30	433,92
ene-90	440,08	445,69
feb-90	451,72	457,17
mar-90	463,40	468,96
abr-90	474,62	479,75
may-90	485,99	491,64
jun-90	497,31	502,39
jul-90	508,35	513,71
ago-90	519,94	525,60
sep-90	530,54	534,90
oct-90	540,46	545,61
nov-90	551,33	556,63
dic-90	563,38	568,73
ene-91	574,09	578,96
feb-91	584,07	588,63
mar-91	593,75	598,46
abr-91	603,72	608,45
may-91	613,76	618,61
jun-91	624,15	628,82
jul-91	634,40	639,37
ago-91	645,56	652,11
sep-91	660,52	667,18
oct-91	673,84	679,30
nov-91	687,59	694,70
dic-91	630,38	638,61
ene-92	645,18	644,27
feb-92	635,53	636,54
mar-92	640,33	641,59
abr-92	649,16	653,83
may-92	659,81	664,37
jun-92	675,79	697,57
jul-92	704,50	705,14
ago-92	693,72	691,68
sep-92	697,11	702,81
oct-92	707,65	716,88
nov-92	722,43	725,45
dic-92	733,42	737,98
ene-93	745,52	746,05
feb-93	749,08	758,03
mar-93	764,38	766,41
abr-93	771,79	774,94
may-93	779,71	779,56
jun-93	784,24	787,12
jul-93	795,08	801,35
ago-93	804,61	806,86
sep-93	809,66	810,84
oct-93	814,45	817,03
nov-93	814,08	811,73
dic-93	803,56	804,33
ene-94	816,15	818,38
feb-94	817,67	819,70
mar-94	819,76	819,51
abr-94	829,87	836,86
may-94	841,43	841,12
jun-94	830,94	819,64
jul-94	819,06	815,62
ago-94	814,82	816,30
sep-94	830,06	842,00
oct-94	839,32	838,55
nov-94	830,03	829,03
dic-94	829,37	831,27
ene-95	846,63	856,41
feb-95	850,90	856,99
mar-95	865,83	880,23
abr-95	873,39	877,90
may-95	876,95	876,36
jun-95	874,86	881,23
jul-95	893,22	897,63
ago-95	935,10	960,19
sep-95	964,17	966,78
oct-95	984,96	994,50
nov-95	1000,58	998,16
dic-95	988,15	987,65
ene-96	1011,19	1028,14
feb-96	1029,64	1039,81
mar-96	1044,98	1046,00
abr-96	1050,93	1058,90
may-96	1066,24	1073,06
jun-96	1071,96	1069,11
jul-96	1064,10	1056,74
ago-96	1044,84	1042,32
sep-96	1040,84	1025,06
oct-96	1015,78	1005,83
nov-96	998,18	1002,28
dic-96	1000,79	1005,33
ene-97	1027,06	1070,97
feb-97	1074,24	1080,51
mar-97	1062,16	1059,88
abr-97	1060,65	1063,11
may-97	1075,18	1077,09
jun-97	1082,37	1089,01
jul-97	1102,40	1109,65
ago-97	1132,70	1172,28
sep-97	1222,49	1246,27
oct-97	1262,89	1281,20
nov-97	1294,56	1305,66
dic-97	1296,70	1293,58
ene-98	1323,16	1342,00
feb-98	1346,12	1343,85
mar-98	1357,10	1358,03
abr-98	1360,65	1365,72
may-98	1386,28	1397,07
jun-98	1386,61	1363,04
jul-98	1371,54	1370,65
ago-98	1390,46	1440,87
sep-98	1520,52	1556,15
oct-98	1587,38	1575,08
nov-98	1562,71	1547,11
dic-98	1524,56	1542,11
ene-99	1570,01	1582,90
feb-99	1567,07	1568,30
mar-99	1550,15	1533,51
abr-99	1574,67	1604,44
may-99	1641,33	1671,67
jun-99	1693,99	1732,10
jul-99	1818,63	1809,50
ago-99	1876,93	1954,72
sep-99	1975,64	2017,27
oct-99	1978,71	1971,59
nov-99	1944,64	1923,77
dic-99	1888,46	1873,77
ene-00	1923,57	1976,72
feb-00	1950,64	1946,17
mar-00	1956,25	1951,56
abr-00	1986,77	2004,47
may-00	2055,69	2084,92
jun-00	2120,17	2139,11
jul-00	2161,34	2172,79
ago-00	2187,38	2208,21
sep-00	2213,76	2212,26
oct-00	2176,61	2158,36
nov-00	2136,63	2172,84
dic-00	2186,21	2229,18
ene-01	2241,40	2240,80
feb-01	2243,42	2257,45
mar-01	2278,78	2310,57
abr-01	2323,10	2346,73
may-01	2346,93	2324,98
jun-01	2305,66	2298,85
jul-01	2304,28	2298,27
ago-01	2288,90	2301,23
sep-01	2328,23	2332,19
oct-01	2320,65	2310,02
nov-01	2310,47	2308,59
dic-01	2306,90	2291,18
ene-02	2274,96	2264,82
feb-02	2286,70	2309,82
mar-02	2282,33	2261,23
abr-02	2263,11	2275,35
may-02	2310,24	2321,16
jun-02	2364,25	2398,82
jul-02	2506,72	2625,06
ago-02	2647,22	2703,55
sep-02	2751,23	2828,08
oct-02	2827,86	2773,73
nov-02	2726,66	2784,21
dic-02	2814,89	2864,79
ene-03	2913,00	2926,46
feb-03	2951,86	2956,31
mar-03	2959,01	2958,25
abr-03	2926,62	2887,82
may-03	2858,94	2853,33
jun-03	2826,95	2817,32
jul-03	2858,82	2880,40
ago-03	2867,29	2832,94
sep-03	2840,08	2889,39
oct-03	2876,20	2884,17
nov-03	2844,55	2836,05
dic-03	2807,20	2778,21
ene-04	2749,14	2742,47
feb-04	2717,94	2682,34
mar-04	2670,80	2678,16
abr-04	2639,60	2646,99
may-04	2719,43	2724,92
jun-04	2716,56	2699,58
jul-04	2653,32	2612,44
ago-04	2598,59	2551,43
sep-04	2552,78	2595,17
oct-04	2580,70	2575,19
nov-04	2530,19	2479,10
dic-04	2411,37	2389,75
ene-05	2362,96	2367,76
feb-05	2340,49	2323,77
mar-05	2353,71	2376,48
abr-05	2350,01	2348,32
may-05	2339,22	2332,79
jun-05	2331,79	2331,81
jul-05	2323,38	2308,49
ago-05	2306,19	2304,30
sep-05	2294,52	2289,61
oct-05	2292,55	2289,57
nov-05	2279,85	2274,04
dic-05	2278,91	2284,22
ene-06	2273,66	2265,65
feb-06	2256,24	2247,32
mar-06	2262,36	2289,98
abr-06	2334,29	2375,03
may-06	2417,99	2482,41
jun-06	2542,24	2633,12
jul-06	2511,74	2426,00
ago-06	2389,65	2396,63
sep-06	2398,88	2394,31
oct-06	2364,29	2315,38
nov-06	2290,46	2300,42
dic-06	2261,34	2238,79
ene-07	2237,06	2259,72
feb-07	2227,63	2224,12
mar-07	2201,39	2190,30
abr-07	2144,60	2110,67
may-07	2007,91	1930,64
jun-07	1923,76	1960,61
jul-07	1950,87	1971,80
ago-07	2058,28	2173,17
sep-07	2117,05	2023,19
oct-07	2003,26	1999,44
nov-07	2047,72	2060,42
dic-07	2014,20	2014,76
ene-08	1980,59	1939,60
feb-08	1903,27	1843,59
mar-08	1846,90	1821,60
abr-08	1796,13	1780,21
may-08	1778,01	1744,01
jun-08	1712,28	1923,02
jul-08	1783,09	1792,24
ago-08	1844,29	1932,20
sep-08	2066,04	2174,62
oct-08	2289,17	2359,52
nov-08	2329,16	2318,00
dic-08	2252,72	2243,59
ene-09	2252,98	2420,26
feb-09	2513,74	2555,89
mar-09	2477,21	2561,21
abr-09	2379,36	2289,73
may-09	2229,95	2140,66
jun-09	2090,04	2158,67
jul-09	2052,68	2043,37
ago-09	2018,97	2035,00
sep-09	1980,77	1922,00
oct-09	1904,86	1993,80
nov-09	1973,57	1997,47
dic-09	2017,05	2044,23
ene-10	1978,19	1982,29
feb-10	1952,89	1932,32
mar-10	1909,10	1928,59
abr-10	1940,36	1969,75
may-10	1984,36	1971,55
jun-10	1925,90	1916,46
jul-10	1874,52	1842,79
ago-10	1819,06	1823,74
sep-10	1805,60	1799,89
oct-10	1808,46	1831,64
nov-10	1863,67	1916,96
dic-10	1925,86	1913,98
ene-11	1866,64	1857,98
feb-11	1882,61	1895,56
mar-11	1884,38	1879,47
abr-11	1812,77	1768,19
may-11	1801,65	1817,34
jun-11	1782,54	1780,16
jul-11	1761,75	1777,82
ago-11	1785,04	1783,66
sep-11	1836,15	1915,10
oct-11	1910,38	1863,06
nov-11	1918,21	1967,18
dic-11	1934,08	1942,70
ene-12	1852,12	1815,08
feb-12	1783,56	1767,83
mar-12	1766,34	1792,07
abr-12	1775,06	1761,20
may-12	1793,28	1827,83
jun-12	1792,63	1784,60
jul-12	1784,43	1789,02
ago-12	1806,34	1830,50
sep-12	1803,18	1800,52
oct-12	1804,97	1829,89
nov-12	1820,29	1817,93
dic-12	1793,94	1768,23
ene-13	1770,01	1773,24
feb-13	1791,48	1816,42
mar-13	1809,89	1832,20
abr-13	1829,96	1828,79
may-13	1850,12	1891,48
jun-13	1909,50	1929,00
jul-13	1900,59	1890,33
ago-13	1903,66	1935,43
sep-13	1919,40	1914,65
oct-13	1885,91	1884,06
nov-13	1922,14	1931,88
dic-13	1934,08	1926,83
ene-14	1960,41	2008,26
feb-14	2040,51	2054,90
mar-14	2022,19	1965,32
abr-14	1939,27	1935,14
may-14	1915,46	1900,64
jun-14	1888,10	1881,19
jul-14	1858,40	1872,43
ago-14	1899,07	1918,62
sep-14	1971,34	2028,48
oct-14	2047,03	2050,52
nov-14	2127,25	2206,19
dic-14	2344,23	2392,46
ene-15	2397,69	2441,10
feb-15	2420,38	2496,99
mar-15	2586,58	2576,05
abr-15	2495,36	2388,06
may-15	2439,09	2533,79
jun-15	2554,94	2585,11
jul-15	2731,90	2866,04
